-0.927278247876906	7.61824901095168	7.61824901095168	2.61388120446960
-1.17433033799622	1.28187984314115	1.28187984314115	-0.257708469772177
-1.05081029293875	1.79563977566629	1.79563977566629	0.0294504976520004
-0.927278247876906	2.48064968570025	2.48064968570025	0.439677936829597
-1.05081029293875	3.16566959573290	3.16566959573290	1.75241070220080
-0.680224157756868	-0.259397954434544	-0.259397954434544	-1.24225104379650
-0.927278247876906	0.254360978090730	0.254360978090730	-0.832027804621350
-0.927278247876906	0.596867933107448	0.596867933107448	-0.503845613279132
-0.556697112696848	6.93323910091772	6.93323910091772	2.61388120446960
-0.680224157756868	2.99440961822540	2.99440961822540	0.972974247760846
-1.17433033799622	-0.430650931942969	-0.430650931942969	-1.24225104379650
-0.927278247876906	0.768120910615873	0.768120910615873	-0.257708469772177
-1.05081029293875	1.28187984314115	1.28187984314115	0.521723984665443
-0.927278247876906	-0.0881449769261196	-0.0881449769261196	-0.955095876374535
-0.927278247876906	1.45312982064997	1.45312982064997	0.562747008583366
-0.927278247876906	1.62438979815747	1.62438979815747	0.603769032500706
-0.927278247876906	0.0831082005822789	0.0831082005822789	-0.791004780703427
-0.927278247876906	-0.430650931942969	-0.430650931942969	-1.24225104379650
-0.927278247876906	-0.430650931942969	-0.430650931942969	-1.24225104379650
-0.680224157756868	0.939373888124298	0.939373888124298	-0.257708469772177
-0.927278247876906	0.0831082005822789	0.0831082005822789	-0.749982756786087
-0.927278247876906	0.0831082005822789	0.0831082005822789	-0.749982756786087
-0.0625891324568430	0.596867933107448	0.596867933107448	-0.749982756786087
-0.680224157756868	1.45312982064997	1.45312982064997	0.234564817241149
-0.680224157756868	0.0831082005822789	0.0831082005822789	-0.832027804621350
-0.680224157756868	1.11062986563233	1.11062986563233	-0.0115722262657476
-0.680224157756868	-0.0881449769261196	-0.0881449769261196	-0.955095876374535
-0.680224157756868	0.425614955599023	0.425614955599023	-0.544868637197055
-1.05081029293875	1.45312982064997	1.45312982064997	0.972974247760846
-0.680224157756868	0.768120910615873	0.768120910615873	-0.257708469772177
-0.680224157756868	0.596867933107448	0.596867933107448	-0.339754517608023
-0.927278247876906	1.79563977566629	1.79563977566629	1.21911039126722
-0.927278247876906	0.425614955599023	0.425614955599023	-0.257708469772177
-0.927278247876906	1.11062986563233	1.11062986563233	0.521723984665443
-0.680224157756868	0.0831082005822789	0.0831082005822789	-0.749982756786087
-0.927278247876906	1.45312982064997	1.45312982064997	0.931951223842923
-0.680224157756868	0.254360978090730	0.254360978090730	-0.503845613279132
-0.927278247876906	1.28187984314115	1.28187984314115	0.767860128171815
-0.927278247876906	-0.0881449769261196	-0.0881449769261196	-0.749982756786087
-0.927278247876906	-0.0881449769261196	-0.0881449769261196	-0.749982756786087
-0.927278247876906	-0.0881449769261196	-0.0881449769261196	-0.749982756786087
-0.680224157756868	2.48064968570025	2.48064968570025	1.42422051085392
-0.680224157756868	0.596867933107448	0.596867933107448	-0.257708469772177
-0.927278247876906	0.596867933107448	0.596867933107448	0.0704733215698067
-0.927278247876906	-0.601904909451263	-0.601904909451263	-1.32430109163468
-0.927278247876906	-0.601904909451263	-0.601904909451263	-1.32430109163468
-0.927278247876906	0.939373888124298	0.939373888124298	0.480700960747520
-0.927278247876906	0.939373888124298	0.939373888124298	0.480700960747520
-0.680224157756868	-0.0881449769261196	-0.0881449769261196	-0.832027804621350
-0.680224157756868	2.30939970819143	2.30939970819143	1.42422051085392
-0.680224157756868	0.425614955599023	0.425614955599023	-0.339754517608023
-0.927278247876906	0.254360978090730	0.254360978090730	-0.257708469772177
-0.927278247876906	1.79563977566629	1.79563977566629	1.91650079787132
-0.803751202816887	0.0831082005822789	0.0831082005822789	-0.544868637197055
-0.927278247876906	0.254360978090730	0.254360978090730	-0.216686445854838
-0.927278247876906	0.425614955599023	0.425614955599023	0.0294504976520004
-0.927278247876906	0.768120910615873	0.768120910615873	0.603769032500706
-0.680224157756868	-0.0881449769261196	-0.0881449769261196	-0.749982756786087
-0.927278247876906	-0.430650931942969	-0.430650931942969	-1.03714092420980
-0.803751202816887	1.79563977566629	1.79563977566629	1.62934063044645
-0.927278247876906	-0.259397954434544	-0.259397954434544	-0.832027804621350
-1.17433033799622	-0.601904909451263	-0.601904909451263	-1.24225104379650
-0.680224157756868	0.254360978090730	0.254360978090730	-0.380777541525946
-1.05081029293875	0.596867933107448	0.596867933107448	0.685815080336552
-0.927278247876906	-0.259397954434544	-0.259397954434544	-0.749982756786087
-0.927278247876906	-0.259397954434544	-0.259397954434544	-0.749982756786087
-0.680224157756868	1.96688975317511	1.96688975317511	1.50627055869210
-0.927278247876906	-0.601904909451263	-0.601904909451263	-1.24225104379650
-0.927278247876906	-0.601904909451263	-0.601904909451263	-1.24225104379650
-0.927278247876906	-0.601904909451263	-0.601904909451263	-1.24225104379650
-0.927278247876906	-0.259397954434544	-0.259397954434544	-0.749982756786087
-0.927278247876906	-0.601904909451263	-0.601904909451263	-1.24225104379650
-0.680224157756868	0.0831082005822789	0.0831082005822789	-0.462822589361209
-0.927278247876906	-0.259397954434544	-0.259397954434544	-0.749982756786087
-0.927278247876906	-0.259397954434544	-0.259397954434544	-0.749982756786087
-0.927278247876906	-0.259397954434544	-0.259397954434544	-0.749982756786087
-0.927278247876906	0.0831082005822789	0.0831082005822789	-0.257708469772177
-0.680224157756868	-0.601904909451263	-0.601904909451263	-1.24225104379650
-0.680224157756868	-0.601904909451263	-0.601904909451263	-1.24225104379650
-0.680224157756868	-0.601904909451263	-0.601904909451263	-1.24225104379650
-0.927278247876906	0.254360978090730	0.254360978090730	0.0294504976520004
-0.680224157756868	-0.601904909451263	-0.601904909451263	-1.24225104379650
-0.680224157756868	-0.601904909451263	-0.601904909451263	-1.24225104379650
-0.680224157756868	-0.601904909451263	-0.601904909451263	-1.24225104379650
0.307992202723288	0.939373888124298	0.939373888124298	-0.462822589361209
-0.680224157756868	0.254360978090730	0.254360978090730	-0.257708469772177
-0.803751202816887	1.96688975317511	1.96688975317511	2.12161091745802
-0.680224157756868	0.596867933107448	0.596867933107448	0.152518769405303
-0.680224157756868	-0.259397954434544	-0.259397954434544	-0.832027804621350
-0.556697112696848	0.254360978090730	0.254360978090730	-0.339754517608023
-0.680224157756868	0.425614955599023	0.425614955599023	-0.0115722262657476
-0.927278247876906	1.28187984314115	1.28187984314115	1.71138067827879
-0.680224157756868	0.596867933107448	0.596867933107448	0.234564817241149
-0.927278247876906	-0.0881449769261196	-0.0881449769261196	-0.339754517608023
-0.927278247876906	-0.0881449769261196	-0.0881449769261196	-0.339754517608023
-0.433170067636828	1.96688975317511	1.96688975317511	1.46525053477592
-1.17433033799622	0.425614955599023	0.425614955599023	1.01400027168052
-0.803751202816887	-0.0881449769261196	-0.0881449769261196	-0.339754517608023
-0.927278247876906	-0.430650931942969	-0.430650931942969	-0.832027804621350
-0.927278247876906	0.768120910615873	0.768120910615873	1.21911039126722
-0.680224157756868	-0.0881449769261196	-0.0881449769261196	-0.462822589361209
-0.680224157756868	0.596867933107448	0.596867933107448	0.480700960747520
-0.680224157756868	-0.0881449769261196	-0.0881449769261196	-0.462822589361209
-0.680224157756868	0.425614955599023	0.425614955599023	0.234564817241149
0.184465157663269	3.16566959573290	3.16566959573290	1.21911039126722
-0.927278247876906	0.254360978090730	0.254360978090730	0.480700960747520
-0.680224157756868	0.939373888124298	0.939373888124298	1.09604031951287
-1.05081029293875	0.254360978090730	0.254360978090730	0.931951223842923
-0.927278247876906	0.939373888124298	0.939373888124298	1.83445075003315
-0.927278247876906	-0.430650931942969	-0.430650931942969	-0.749982756786087
-0.680224157756868	-0.0881449769261196	-0.0881449769261196	-0.339754517608023
-0.927278247876906	0.0831082005822789	0.0831082005822789	0.275586841158489
-0.927278247876906	-0.0881449769261196	-0.0881449769261196	-0.0525950501835539
-0.680224157756868	0.425614955599023	0.425614955599023	0.480700960747520
-0.927278247876906	-0.259397954434544	-0.259397954434544	-0.339754517608023
-0.680224157756868	0.425614955599023	0.425614955599023	0.562747008583366
-0.927278247876906	-0.601904909451263	-0.601904909451263	-0.996118900292458
-0.680224157756868	-0.0881449769261196	-0.0881449769261196	-0.257708469772177
-0.927278247876906	1.11062986563233	1.11062986563233	2.49082113272108
-0.927278247876906	-0.601904909451263	-0.601904909451263	-0.996118900292458
-0.680224157756868	0.0831082005822789	0.0831082005822789	0.0294504976520004
-0.927278247876906	0.939373888124298	0.939373888124298	2.20366096529620
-0.927278247876906	-0.430650931942969	-0.430650931942969	-0.626913685032318
-0.927278247876906	-0.0881449769261196	-0.0881449769261196	0.111495745487380
-0.927278247876906	1.11062986563233	1.11062986563233	2.61388120446960
-0.0625891324568430	-0.0881449769261196	-0.0881449769261196	-0.626913685032318
-0.927278247876906	-0.601904909451263	-0.601904909451263	-0.955095876374535
-0.927278247876906	0.596867933107448	0.596867933107448	1.62934063044645
-0.556697112696848	1.45312982064997	1.45312982064997	2.12161091745802
-0.680224157756868	-0.430650931942969	-0.430650931942969	-0.749982756786087
-0.680224157756868	-0.430650931942969	-0.430650931942969	-0.749982756786087
-0.680224157756868	-0.601904909451263	-0.601904909451263	-1.03714092420980
-0.680224157756868	-0.430650931942969	-0.430650931942969	-0.749982756786087
-0.433170067636828	-0.430650931942969	-0.430650931942969	-0.832027804621350
-0.927278247876906	-0.601904909451263	-0.601904909451263	-0.955095876374535
-0.927278247876906	-0.601904909451263	-0.601904909451263	-0.955095876374535
-0.927278247876906	0.254360978090730	0.254360978090730	0.972974247760846
-0.680224157756868	0.0831082005822789	0.0831082005822789	0.193541793323226
-0.680224157756868	0.939373888124298	0.939373888124298	1.79343072611697
-0.927278247876906	-0.773157886959687	-0.773157886959687	-1.32430109163468
-0.927278247876906	-0.773157886959687	-0.773157886959687	-1.32430109163468
-0.927278247876906	-0.773157886959687	-0.773157886959687	-1.32430109163468
-0.927278247876906	-0.773157886959687	-0.773157886959687	-1.32430109163468
-0.927278247876906	-0.773157886959687	-0.773157886959687	-1.32430109163468
-0.927278247876906	-0.773157886959687	-0.773157886959687	-1.32430109163468
-0.927278247876906	-0.773157886959687	-0.773157886959687	-1.32430109163468
-0.927278247876906	-0.773157886959687	-0.773157886959687	-1.32430109163468
-0.927278247876906	-0.773157886959687	-0.773157886959687	-1.32430109163468
-0.927278247876906	-0.773157886959687	-0.773157886959687	-1.32430109163468
-0.927278247876906	-0.773157886959687	-0.773157886959687	-1.32430109163468
-0.927278247876906	-0.773157886959687	-0.773157886959687	-1.32430109163468
-0.927278247876906	-0.773157886959687	-0.773157886959687	-1.32430109163468
-0.927278247876906	-0.773157886959687	-0.773157886959687	-1.32430109163468
-0.927278247876906	-0.773157886959687	-0.773157886959687	-1.32430109163468
-0.927278247876906	-0.773157886959687	-0.773157886959687	-1.32430109163468
-0.927278247876906	-0.773157886959687	-0.773157886959687	-1.32430109163468
-0.927278247876906	-0.773157886959687	-0.773157886959687	-1.32430109163468
-0.927278247876906	-0.773157886959687	-0.773157886959687	-1.32430109163468
-0.927278247876906	-0.773157886959687	-0.773157886959687	-1.32430109163468
-0.927278247876906	-0.773157886959687	-0.773157886959687	-1.32430109163468
0.184465157663269	0.768120910615873	0.768120910615873	0.0294504976520004
0.184465157663269	-0.259397954434544	-0.259397954434544	-0.749982756786087
-0.680224157756868	0.0831082005822789	0.0831082005822789	0.275586841158489
-0.927278247876906	-0.430650931942969	-0.430650931942969	-0.503845613279132
-0.680224157756868	-0.259397954434544	-0.259397954434544	-0.339754517608023
0.0609379126031765	-0.259397954434544	-0.259397954434544	-0.749982756786087
-0.927278247876906	-0.259397954434544	-0.259397954434544	0.0294504976520004
-0.680224157756868	1.11062986563233	1.11062986563233	2.20366096529620
0.431519247783308	0.425614955599023	0.425614955599023	-0.339754517608023
0.184465157663269	0.596867933107448	0.596867933107448	-0.0525950501835539
-0.680224157756868	-0.0881449769261196	-0.0881449769261196	-0.0115722262657476
-0.680224157756868	-0.259397954434544	-0.259397954434544	-0.339754517608023
-0.186115977516790	1.62438979815747	1.62438979815747	1.75241070220080
-0.680224157756868	-0.0881449769261196	-0.0881449769261196	0.0294504976520004
-0.680224157756868	0.254360978090730	0.254360978090730	0.726838104254475
-0.680224157756868	0.254360978090730	0.254360978090730	0.726838104254475
-0.927278247876906	-0.259397954434544	-0.259397954434544	0.0294504976520004
0.184465157663269	0.939373888124298	0.939373888124298	0.316609865076412
-0.927278247876906	-0.601904909451263	-0.601904909451263	-0.832027804621350
-0.0625891324568430	0.425614955599023	0.425614955599023	0.152518769405303
-0.680224157756868	0.0831082005822789	0.0831082005822789	0.521723984665443
0.184465157663269	0.254360978090730	0.254360978090730	-0.216686445854838
-0.0625891324568430	0.596867933107448	0.596867933107448	0.439677936829597
-0.680224157756868	0.0831082005822789	0.0831082005822789	0.726838104254475
-0.680224157756868	0.254360978090730	0.254360978090730	0.972974247760846
-0.680224157756868	0.254360978090730	0.254360978090730	0.972974247760846
0.184465157663269	0.596867933107448	0.596867933107448	0.152518769405303
0.184465157663269	0.0831082005822789	0.0831082005822789	-0.339754517608023
-0.927278247876906	-0.601904909451263	-0.601904909451263	-0.749982756786087
0.184465157663269	0.0831082005822789	0.0831082005822789	-0.298731493690100
0.184465157663269	-0.430650931942969	-0.430650931942969	-0.832027804621350
-0.680224157756868	-0.773157886959687	-0.773157886959687	-1.24225104379650
-0.680224157756868	-0.773157886959687	-0.773157886959687	-1.24225104379650
-0.680224157756868	-0.773157886959687	-0.773157886959687	-1.24225104379650
-0.680224157756868	-0.773157886959687	-0.773157886959687	-1.24225104379650
-0.680224157756868	-0.773157886959687	-0.773157886959687	-1.24225104379650
-0.680224157756868	-0.773157886959687	-0.773157886959687	-1.24225104379650
-0.680224157756868	-0.773157886959687	-0.773157886959687	-1.24225104379650
-0.680224157756868	-0.773157886959687	-0.773157886959687	-1.24225104379650
-0.680224157756868	-0.773157886959687	-0.773157886959687	-1.24225104379650
-0.680224157756868	-0.773157886959687	-0.773157886959687	-1.24225104379650
-0.680224157756868	-0.773157886959687	-0.773157886959687	-1.24225104379650
-0.680224157756868	-0.773157886959687	-0.773157886959687	-1.24225104379650
-0.680224157756868	-0.773157886959687	-0.773157886959687	-1.24225104379650
-0.680224157756868	-0.773157886959687	-0.773157886959687	-1.24225104379650
-0.680224157756868	-0.773157886959687	-0.773157886959687	-1.24225104379650
-0.680224157756868	-0.773157886959687	-0.773157886959687	-1.24225104379650
-0.680224157756868	-0.773157886959687	-0.773157886959687	-1.24225104379650
-0.680224157756868	-0.430650931942969	-0.430650931942969	-0.421799565443286
-0.680224157756868	-0.773157886959687	-0.773157886959687	-1.24225104379650
-0.680224157756868	-0.773157886959687	-0.773157886959687	-1.24225104379650
-0.680224157756868	-0.773157886959687	-0.773157886959687	-1.24225104379650
-0.680224157756868	-0.773157886959687	-0.773157886959687	-1.24225104379650
0.0609379126031765	0.425614955599023	0.425614955599023	0.193541793323226
0.555046292843327	0.254360978090730	0.254360978090730	-0.339754517608023
-0.186115977516790	0.768120910615873	0.768120910615873	1.17809036735104
0.184465157663269	-0.430650931942969	-0.430650931942969	-0.791004780703427
-0.927278247876906	-0.259397954434544	-0.259397954434544	0.357632888994334
-0.186115977516790	0.425614955599023	0.425614955599023	0.726838104254475
0.184465157663269	2.82315964071658	2.82315964071658	2.61388120446960
-0.680224157756868	-0.430650931942969	-0.430650931942969	-0.380777541525946
0.184465157663269	1.96688975317511	1.96688975317511	1.83445075003315
-0.0625891324568430	-0.601904909451263	-0.601904909451263	-0.955095876374535
-0.680224157756868	-0.0881449769261196	-0.0881449769261196	0.480700960747520
0.184465157663269	1.11062986563233	1.11062986563233	0.972974247760846
-0.309643022576809	1.11062986563233	1.11062986563233	2.12161091745802
0.184465157663269	-0.601904909451263	-0.601904909451263	-0.955095876374535
0.184465157663269	-0.601904909451263	-0.601904909451263	-0.955095876374535
0.184465157663269	-0.601904909451263	-0.601904909451263	-0.955095876374535
-0.927278247876906	0.0831082005822789	0.0831082005822789	1.67036065436262
0.184465157663269	0.425614955599023	0.425614955599023	0.275586841158489
0.184465157663269	-0.430650931942969	-0.430650931942969	-0.749982756786087
0.307992202723288	1.28187984314115	1.28187984314115	1.01400027168052
-0.927278247876906	-0.430650931942969	-0.430650931942969	0.0294504976520004
0.802100382963366	0.425614955599023	0.425614955599023	-0.257708469772177
0.184465157663269	0.254360978090730	0.254360978090730	0.111495745487380
-0.680224157756868	-0.430650931942969	-0.430650931942969	-0.257708469772177
0.307992202723288	1.11062986563233	1.11062986563233	0.972974247760846
-0.680224157756868	-0.259397954434544	-0.259397954434544	0.275586841158489
0.184465157663269	1.45312982064997	1.45312982064997	1.58832060653027
-0.927278247876906	-0.601904909451263	-0.601904909451263	-0.462822589361209
-0.927278247876906	-0.430650931942969	-0.430650931942969	0.152518769405303
-0.680224157756868	-0.0881449769261196	-0.0881449769261196	0.972974247760846
-0.680224157756868	-0.259397954434544	-0.259397954434544	0.357632888994334
-0.803751202816887	-0.601904909451263	-0.601904909451263	-0.462822589361209
-0.680224157756868	0.254360978090730	0.254360978090730	1.95752082178750
0.431519247783308	-0.259397954434544	-0.259397954434544	-0.544868637197055
0.802100382963366	0.939373888124298	0.939373888124298	0.234564817241149
0.802100382963366	0.254360978090730	0.254360978090730	-0.257708469772177
-0.309643022576809	-0.601904909451263	-0.601904909451263	-0.749982756786087
-0.680224157756868	-0.0881449769261196	-0.0881449769261196	0.972974247760846
-0.680224157756868	-0.0881449769261196	-0.0881449769261196	0.972974247760846
-0.680224157756868	-0.259397954434544	-0.259397954434544	0.480700960747520
0.555046292843327	1.28187984314115	1.28187984314115	0.931951223842923
-0.680224157756868	-0.430650931942969	-0.430650931942969	-0.0115722262657476
0.555046292843327	2.13814973068261	2.13814973068261	1.79343072611697
0.555046292843327	1.79563977566629	1.79563977566629	1.46525053477592
0.555046292843327	-0.259397954434544	-0.259397954434544	-0.503845613279132
0.555046292843327	-0.0881449769261196	-0.0881449769261196	-0.339754517608023
-0.186115977516790	-0.601904909451263	-0.601904909451263	-0.749982756786087
0.184465157663269	-0.0881449769261196	-0.0881449769261196	-0.0525950501835539
0.184465157663269	-0.601904909451263	-0.601904909451263	-0.832027804621350
-0.680224157756868	-0.601904909451263	-0.601904909451263	-0.462822589361209
-0.0625891324568430	-0.601904909451263	-0.601904909451263	-0.749982756786087
0.555046292843327	-0.0881449769261196	-0.0881449769261196	-0.257708469772177
0.555046292843327	-0.430650931942969	-0.430650931942969	-0.626913685032318
0.555046292843327	-0.259397954434544	-0.259397954434544	-0.462822589361209
0.802100382963366	1.11062986563233	1.11062986563233	0.644792056418629
0.184465157663269	-0.259397954434544	-0.259397954434544	-0.257708469772177
0.184465157663269	-0.0881449769261196	-0.0881449769261196	0.0294504976520004
0.184465157663269	-0.0881449769261196	-0.0881449769261196	0.0294504976520004
-0.927278247876906	-0.259397954434544	-0.259397954434544	1.46525053477592
0.555046292843327	-0.601904909451263	-0.601904909451263	-0.832027804621350
0.555046292843327	-0.601904909451263	-0.601904909451263	-0.832027804621350
0.555046292843327	-0.601904909451263	-0.601904909451263	-0.832027804621350
0.555046292843327	-0.601904909451263	-0.601904909451263	-0.832027804621350
0.555046292843327	-0.601904909451263	-0.601904909451263	-0.832027804621350
0.555046292843327	-0.601904909451263	-0.601904909451263	-0.832027804621350
-0.927278247876906	-0.430650931942969	-0.430650931942969	0.726838104254475
0.555046292843327	0.0831082005822789	0.0831082005822789	-0.0115722262657476
0.184465157663269	-0.0881449769261196	-0.0881449769261196	0.111495745487380
-0.680224157756868	-0.0881449769261196	-0.0881449769261196	1.62934063044645
0.184465157663269	-0.430650931942969	-0.430650931942969	-0.462822589361209
0.802100382963366	-0.259397954434544	-0.259397954434544	-0.462822589361209
0.802100382963366	-0.430650931942969	-0.430650931942969	-0.626913685032318
0.184465157663269	-0.0881449769261196	-0.0881449769261196	0.152518769405303
0.184465157663269	-0.601904909451263	-0.601904909451263	-0.749982756786087
0.307992202723288	0.596867933107448	0.596867933107448	1.05502029559669
-0.0625891324568430	-0.773157886959687	-0.773157886959687	-1.03714092420980
-0.0625891324568430	-0.773157886959687	-0.773157886959687	-1.03714092420980
0.555046292843327	-0.259397954434544	-0.259397954434544	-0.339754517608023
0.184465157663269	0.596867933107448	0.596867933107448	1.54729058260827
0.184465157663269	-0.0881449769261196	-0.0881449769261196	0.275586841158489
0.678573337903347	1.79563977566629	1.79563977566629	1.95752082178750
-0.0625891324568430	-0.0881449769261196	-0.0881449769261196	0.685815080336552
0.184465157663269	-0.259397954434544	-0.259397954434544	-0.0115722262657476
0.555046292843327	0.425614955599023	0.425614955599023	0.644792056418629
0.802100382963366	0.254360978090730	0.254360978090730	0.152518769405303
0.555046292843327	-0.601904909451263	-0.601904909451263	-0.749982756786087
-0.927278247876906	-0.601904909451263	-0.601904909451263	0.275586841158489
0.555046292843327	1.79563977566629	1.79563977566629	2.61388120446960
0.555046292843327	-0.259397954434544	-0.259397954434544	-0.257708469772177
0.802100382963366	0.254360978090730	0.254360978090730	0.193541793323226
0.555046292843327	0.254360978090730	0.254360978090730	0.521723984665443
0.802100382963366	0.0831082005822789	0.0831082005822789	0.0294504976520004
0.802100382963366	0.0831082005822789	0.0831082005822789	0.0294504976520004
0.184465157663269	0.254360978090730	0.254360978090730	1.13707034343487
0.802100382963366	-0.601904909451263	-0.601904909451263	-0.749982756786087
0.802100382963366	-0.430650931942969	-0.430650931942969	-0.544868637197055
0.184465157663269	-0.430650931942969	-0.430650931942969	-0.257708469772177
0.184465157663269	0.254360978090730	0.254360978090730	1.21911039126722
0.184465157663269	-0.773157886959687	-0.773157886959687	-0.955095876374535
0.555046292843327	-0.259397954434544	-0.259397954434544	-0.175663421936915
1.66679069838387	5.56320928085111	5.56320928085111	2.61388120446960
0.184465157663269	0.0831082005822789	0.0831082005822789	0.972974247760846
0.184465157663269	-0.773157886959687	-0.773157886959687	-0.955095876374535
0.184465157663269	-0.773157886959687	-0.773157886959687	-0.955095876374535
0.184465157663269	-0.773157886959687	-0.773157886959687	-0.955095876374535
0.184465157663269	-0.773157886959687	-0.773157886959687	-0.955095876374535
0.184465157663269	-0.773157886959687	-0.773157886959687	-0.955095876374535
0.184465157663269	-0.773157886959687	-0.773157886959687	-0.955095876374535
0.184465157663269	-0.773157886959687	-0.773157886959687	-0.955095876374535
0.184465157663269	-0.773157886959687	-0.773157886959687	-0.955095876374535
0.184465157663269	-0.601904909451263	-0.601904909451263	-0.544868637197055
0.184465157663269	-0.0881449769261196	-0.0881449769261196	0.644792056418629
0.184465157663269	-0.601904909451263	-0.601904909451263	-0.544868637197055
0.802100382963366	-0.259397954434544	-0.259397954434544	-0.257708469772177
-0.680224157756868	-0.601904909451263	-0.601904909451263	0.275586841158489
0.802100382963366	0.0831082005822789	0.0831082005822789	0.234564817241149
1.41973060826164	1.79563977566629	1.79563977566629	1.21911039126722
0.555046292843327	0.0831082005822789	0.0831082005822789	0.685815080336552
0.184465157663269	-0.601904909451263	-0.601904909451263	-0.421799565443286
1.41973060826164	1.28187984314115	1.28187984314115	0.931951223842923
0.184465157663269	0.0831082005822789	0.0831082005822789	1.50627055869210
0.555046292843327	-0.601904909451263	-0.601904909451263	-0.544868637197055
1.66679069838387	1.62438979815747	1.62438979815747	0.931951223842923
0.555046292843327	-0.259397954434544	-0.259397954434544	0.152518769405303
0.184465157663269	-0.601904909451263	-0.601904909451263	-0.339754517608023
0.802100382963366	-0.0881449769261196	-0.0881449769261196	0.234564817241149
-0.680224157756868	-0.601904909451263	-0.601904909451263	0.685815080336552
0.555046292843327	-0.430650931942969	-0.430650931942969	-0.134640398018992
-0.680224157756868	-0.601904909451263	-0.601904909451263	0.726838104254475
-0.0625891324568430	-0.259397954434544	-0.259397954434544	1.26013041518339
0.555046292843327	-0.259397954434544	-0.259397954434544	0.234564817241149
0.184465157663269	-0.430650931942969	-0.430650931942969	0.234564817241149
0.555046292843327	-0.0881449769261196	-0.0881449769261196	0.644792056418629
0.555046292843327	-0.773157886959687	-0.773157886959687	-0.832027804621350
0.555046292843327	-0.773157886959687	-0.773157886959687	-0.832027804621350
0.555046292843327	-0.773157886959687	-0.773157886959687	-0.832027804621350
0.555046292843327	-0.773157886959687	-0.773157886959687	-0.832027804621350
0.555046292843327	-0.773157886959687	-0.773157886959687	-0.832027804621350
0.555046292843327	-0.773157886959687	-0.773157886959687	-0.832027804621350
0.555046292843327	-0.773157886959687	-0.773157886959687	-0.832027804621350
0.555046292843327	-0.773157886959687	-0.773157886959687	-0.832027804621350
0.555046292843327	0.254360978090730	0.254360978090730	1.54729058260827
0.555046292843327	-0.773157886959687	-0.773157886959687	-0.832027804621350
0.555046292843327	-0.773157886959687	-0.773157886959687	-0.832027804621350
-0.0625891324568430	-0.430650931942969	-0.430650931942969	0.726838104254475
0.555046292843327	0.254360978090730	0.254360978090730	1.58832060653027
0.184465157663269	-0.259397954434544	-0.259397954434544	1.01400027168052
-0.680224157756868	-0.601904909451263	-0.601904909451263	1.01400027168052
0.184465157663269	-0.259397954434544	-0.259397954434544	1.09604031951287
0.802100382963366	-0.259397954434544	-0.259397954434544	0.234564817241149
1.41973060826164	-0.601904909451263	-0.601904909451263	-0.544868637197055
1.41973060826164	-0.430650931942969	-0.430650931942969	-0.339754517608023
0.802100382963366	0.425614955599023	0.425614955599023	1.71138067827879
1.41973060826164	-0.430650931942969	-0.430650931942969	-0.339754517608023
1.04915047308195	-0.601904909451263	-0.601904909451263	-0.462822589361209
1.66679069838387	-0.0881449769261196	-0.0881449769261196	-0.0525950501835539
1.66679069838387	0.425614955599023	0.425614955599023	0.480700960747520
0.802100382963366	-0.430650931942969	-0.430650931942969	-0.0115722262657476
0.555046292843327	-0.0881449769261196	-0.0881449769261196	1.21911039126722
0.555046292843327	-0.430650931942969	-0.430650931942969	0.275586841158489
0.802100382963366	-0.773157886959687	-0.773157886959687	-0.749982756786087
0.802100382963366	-0.773157886959687	-0.773157886959687	-0.749982756786087
0.802100382963366	-0.773157886959687	-0.773157886959687	-0.749982756786087
0.802100382963366	-0.773157886959687	-0.773157886959687	-0.749982756786087
0.802100382963366	-0.773157886959687	-0.773157886959687	-0.749982756786087
0.802100382963366	-0.773157886959687	-0.773157886959687	-0.749982756786087
0.802100382963366	-0.773157886959687	-0.773157886959687	-0.749982756786087
0.802100382963366	-0.259397954434544	-0.259397954434544	0.439677936829597
0.802100382963366	-0.773157886959687	-0.773157886959687	-0.749982756786087
0.802100382963366	-0.773157886959687	-0.773157886959687	-0.749982756786087
0.802100382963366	-0.773157886959687	-0.773157886959687	-0.749982756786087
0.802100382963366	-0.773157886959687	-0.773157886959687	-0.749982756786087
0.802100382963366	-0.773157886959687	-0.773157886959687	-0.749982756786087
0.802100382963366	-0.601904909451263	-0.601904909451263	-0.339754517608023
1.41973060826164	-0.601904909451263	-0.601904909451263	-0.462822589361209
0.802100382963366	-0.601904909451263	-0.601904909451263	-0.298731493690100
1.41973060826164	-0.601904909451263	-0.601904909451263	-0.462822589361209
1.41973060826164	-0.601904909451263	-0.601904909451263	-0.462822589361209
0.802100382963366	-0.0881449769261196	-0.0881449769261196	1.05502029559669
0.555046292843327	-0.0881449769261196	-0.0881449769261196	1.62934063044645
1.66679069838387	-0.430650931942969	-0.430650931942969	-0.257708469772177
0.802100382963366	-0.430650931942969	-0.430650931942969	0.234564817241149
-0.0625891324568430	-0.601904909451263	-0.601904909451263	0.726838104254475
-0.0625891324568430	-0.601904909451263	-0.601904909451263	0.726838104254475
0.802100382963366	0.254360978090730	0.254360978090730	2.16263094137420
0.555046292843327	-0.259397954434544	-0.259397954434544	1.21911039126722
0.555046292843327	-0.601904909451263	-0.601904909451263	0.0294504976520004
0.802100382963366	0.254360978090730	0.254360978090730	2.40877108488290
1.41973060826164	-0.601904909451263	-0.601904909451263	-0.380777541525946
0.555046292843327	-0.430650931942969	-0.430650931942969	0.726838104254475
1.66679069838387	1.45312982064997	1.45312982064997	2.40877108488290
1.04915047308195	0.425614955599023	0.425614955599023	2.49082113272108
0.802100382963366	-0.430650931942969	-0.430650931942969	0.480700960747520
0.184465157663269	-0.430650931942969	-0.430650931942969	1.71138067827879
0.184465157663269	-0.601904909451263	-0.601904909451263	0.726838104254475
0.184465157663269	-0.430650931942969	-0.430650931942969	1.71138067827879
1.66679069838387	1.11062986563233	1.11062986563233	2.12161091745802
1.41973060826164	-0.430650931942969	-0.430650931942969	0.0294504976520004
1.66679069838387	-0.601904909451263	-0.601904909451263	-0.339754517608023
1.66679069838387	-0.601904909451263	-0.601904909451263	-0.339754517608023
0.802100382963366	-0.430650931942969	-0.430650931942969	0.644792056418629
1.66679069838387	-0.430650931942969	-0.430650931942969	-0.0525950501835539
1.41973060826164	-0.430650931942969	-0.430650931942969	0.152518769405303
1.66679069838387	-0.601904909451263	-0.601904909451263	-0.257708469772177
1.41973060826164	-0.773157886959687	-0.773157886959687	-0.544868637197055
1.41973060826164	-0.773157886959687	-0.773157886959687	-0.544868637197055
1.41973060826164	-0.773157886959687	-0.773157886959687	-0.544868637197055
1.41973060826164	-0.773157886959687	-0.773157886959687	-0.544868637197055
1.41973060826164	-0.773157886959687	-0.773157886959687	-0.544868637197055
1.41973060826164	-0.773157886959687	-0.773157886959687	-0.544868637197055
1.41973060826164	-0.773157886959687	-0.773157886959687	-0.544868637197055
1.41973060826164	-0.773157886959687	-0.773157886959687	-0.544868637197055
1.41973060826164	-0.773157886959687	-0.773157886959687	-0.544868637197055
1.41973060826164	-0.0881449769261196	-0.0881449769261196	1.05502029559669
1.66679069838387	-0.259397954434544	-0.259397954434544	0.439677936829597
1.54326065332275	-0.773157886959687	-0.773157886959687	-0.503845613279132
0.184465157663269	-0.601904909451263	-0.601904909451263	1.46525053477592
1.66679069838387	-0.0881449769261196	-0.0881449769261196	0.972974247760846
1.66679069838387	-0.430650931942969	-0.430650931942969	0.234564817241149
0.555046292843327	-0.430650931942969	-0.430650931942969	1.99854084570367
1.41973060826164	-0.601904909451263	-0.601904909451263	0.0294504976520004
1.66679069838387	0.0831082005822789	0.0831082005822789	1.46525053477592
1.66679069838387	-0.773157886959687	-0.773157886959687	-0.462822589361209
1.66679069838387	-0.773157886959687	-0.773157886959687	-0.462822589361209
1.66679069838387	-0.773157886959687	-0.773157886959687	-0.462822589361209
1.66679069838387	-0.773157886959687	-0.773157886959687	-0.462822589361209
1.66679069838387	-0.773157886959687	-0.773157886959687	-0.462822589361209
1.66679069838387	-0.773157886959687	-0.773157886959687	-0.462822589361209
1.66679069838387	-0.773157886959687	-0.773157886959687	-0.462822589361209
1.66679069838387	-0.773157886959687	-0.773157886959687	-0.462822589361209
1.66679069838387	-0.259397954434544	-0.259397954434544	0.767860128171815
1.41973060826164	0.0831082005822789	0.0831082005822789	2.12161091745802
1.66679069838387	-0.430650931942969	-0.430650931942969	0.562747008583366
1.41973060826164	-0.601904909451263	-0.601904909451263	0.275586841158489
0.802100382963366	-0.601904909451263	-0.601904909451263	1.46525053477592
1.41973060826164	-0.430650931942969	-0.430650931942969	1.46525053477592
1.66679069838387	-0.259397954434544	-0.259397954434544	2.16263094137420
1.66679069838387	-0.430650931942969	-0.430650931942969	2.24468098921238
1.66679069838387	-0.601904909451263	-0.601904909451263	2.16263094137420
3.14911123910264	-0.430650931942969	-0.430650931942969	1.21911039126722
3.51969137428234	-0.773157886959687	-0.773157886959687	0.152518769405303
3.51969137428234	-0.773157886959687	-0.773157886959687	0.152518769405303
3.76675146440456	-0.773157886959687	-0.773157886959687	0.234564817241149
7.96667299644596	-0.773157886959687	-0.773157886959687	1.62934063044645
-0.927278247876906	6.41947916839258	6.41947916839258	2.12161091745802
-0.927278247876906	4.87819937081715	4.87819937081715	1.75241070220080
-1.17433033799622	3.50816955075054	3.50816955075054	1.71138067827879
-0.803751202816887	2.65190966320776	2.65190966320776	0.316609865076412
-0.927278247876906	2.65190966320776	2.65190966320776	0.726838104254475
-0.927278247876906	1.28187984314115	1.28187984314115	-0.0936177741013020
-0.803751202816887	1.45312982064997	1.45312982064997	0.0294504976520004
-0.680224157756868	0.0831082005822789	0.0831082005822789	-0.832027804621350
-0.803751202816887	-0.0881449769261196	-0.0881449769261196	-0.914073852457195
-0.680224157756868	4.70693939330964	4.70693939330964	2.61388120446960
-0.803751202816887	0.768120910615873	0.768120910615873	-0.0525950501835539
-0.680224157756868	0.768120910615873	0.768120910615873	-0.257708469772177
-0.927278247876906	0.939373888124298	0.939373888124298	0.234564817241149
-0.680224157756868	1.28187984314115	1.28187984314115	0.193541793323226
-1.05081029293875	0.768120910615873	0.768120910615873	0.357632888994334
-0.927278247876906	-0.0881449769261196	-0.0881449769261196	-0.749982756786087
-0.927278247876906	1.62438979815747	1.62438979815747	1.21911039126722
-0.556697112696848	3.16566959573290	3.16566959573290	1.83445075003315
-0.927278247876906	0.0831082005822789	0.0831082005822789	-0.503845613279132
-0.680224157756868	-0.0881449769261196	-0.0881449769261196	-0.749982756786087
-0.927278247876906	-0.259397954434544	-0.259397954434544	-0.832027804621350
-0.680224157756868	0.425614955599023	0.425614955599023	-0.257708469772177
-0.927278247876906	-0.259397954434544	-0.259397954434544	-0.832027804621350
-0.927278247876906	0.0831082005822789	0.0831082005822789	-0.339754517608023
-0.680224157756868	-0.0881449769261196	-0.0881449769261196	-0.749982756786087
-0.927278247876906	0.254360978090730	0.254360978090730	-0.0936177741013020
-0.927278247876906	0.425614955599023	0.425614955599023	0.152518769405303
-0.927278247876906	-0.601904909451263	-0.601904909451263	-1.24225104379650
-0.927278247876906	0.0831082005822789	0.0831082005822789	-0.257708469772177
-0.927278247876906	0.768120910615873	0.768120910615873	0.726838104254475
-0.680224157756868	1.79563977566629	1.79563977566629	1.46525053477592
-0.680224157756868	-0.601904909451263	-0.601904909451263	-1.24225104379650
-1.05081029293875	1.45312982064997	1.45312982064997	2.49082113272108
-0.680224157756868	-0.601904909451263	-0.601904909451263	-1.24225104379650
-0.309643022576809	1.45312982064997	1.45312982064997	0.562747008583366
-0.927278247876906	-0.430650931942969	-0.430650931942969	-0.955095876374535
-0.927278247876906	1.11062986563233	1.11062986563233	1.46525053477592
-0.680224157756868	0.254360978090730	0.254360978090730	-0.0936177741013020
-0.927278247876906	0.0831082005822789	0.0831082005822789	0.0294504976520004
-0.680224157756868	0.0831082005822789	0.0831082005822789	-0.257708469772177
-0.927278247876906	-0.430650931942969	-0.430650931942969	-0.832027804621350
-0.927278247876906	-0.259397954434544	-0.259397954434544	-0.462822589361209
-0.680224157756868	-0.259397954434544	-0.259397954434544	-0.667936708950241
-0.556697112696848	0.0831082005822789	0.0831082005822789	-0.257708469772177
-0.680224157756868	0.0831082005822789	0.0831082005822789	-0.175663421936915
0.555046292843327	-0.0881449769261196	-0.0881449769261196	-0.832027804621350
-0.680224157756868	0.596867933107448	0.596867933107448	0.726838104254475
-0.680224157756868	1.79563977566629	1.79563977566629	2.61388120446960
-0.680224157756868	1.45312982064997	1.45312982064997	2.12161091745802
-0.927278247876906	0.596867933107448	0.596867933107448	1.67036065436262
-0.680224157756868	0.0831082005822789	0.0831082005822789	0.0294504976520004
-0.680224157756868	0.596867933107448	0.596867933107448	0.849906176007661
-0.927278247876906	0.0831082005822789	0.0831082005822789	0.439677936829597
-0.680224157756868	-0.601904909451263	-0.601904909451263	-1.03714092420980
-0.927278247876906	-0.601904909451263	-0.601904909451263	-0.955095876374535
-0.927278247876906	-0.601904909451263	-0.601904909451263	-0.955095876374535
-0.927278247876906	-0.601904909451263	-0.601904909451263	-0.955095876374535
-0.803751202816887	-0.259397954434544	-0.259397954434544	-0.216686445854838
0.184465157663269	-0.0881449769261196	-0.0881449769261196	-0.667936708950241
-0.927278247876906	-0.430650931942969	-0.430650931942969	-0.544868637197055
-0.927278247876906	-0.773157886959687	-0.773157886959687	-1.32430109163468
-0.927278247876906	-0.773157886959687	-0.773157886959687	-1.32430109163468
-0.927278247876906	-0.773157886959687	-0.773157886959687	-1.32430109163468
-0.927278247876906	-0.773157886959687	-0.773157886959687	-1.32430109163468
-0.927278247876906	-0.773157886959687	-0.773157886959687	-1.32430109163468
-0.927278247876906	-0.773157886959687	-0.773157886959687	-1.32430109163468
-0.927278247876906	-0.773157886959687	-0.773157886959687	-1.32430109163468
-0.927278247876906	-0.773157886959687	-0.773157886959687	-1.32430109163468
-0.927278247876906	-0.773157886959687	-0.773157886959687	-1.32430109163468
-0.927278247876906	-0.773157886959687	-0.773157886959687	-1.32430109163468
0.184465157663269	0.939373888124298	0.939373888124298	0.152518769405303
-0.927278247876906	-0.430650931942969	-0.430650931942969	-0.503845613279132
-0.0625891324568430	0.939373888124298	0.939373888124298	0.603769032500706
-0.556697112696848	0.939373888124298	0.939373888124298	1.67036065436262
-0.803751202816887	-0.0881449769261196	-0.0881449769261196	0.152518769405303
-0.803751202816887	-0.773157886959687	-0.773157886959687	-1.28328106771850
-0.680224157756868	0.0831082005822789	0.0831082005822789	0.357632888994334
-0.927278247876906	-0.430650931942969	-0.430650931942969	-0.421799565443286
0.307992202723288	0.939373888124298	0.939373888124298	0.193541793323226
-0.927278247876906	-0.601904909451263	-0.601904909451263	-0.832027804621350
-0.680224157756868	0.0831082005822789	0.0831082005822789	0.480700960747520
-0.0625891324568430	-0.430650931942969	-0.430650931942969	-0.832027804621350
0.555046292843327	0.425614955599023	0.425614955599023	-0.339754517608023
-0.680224157756868	-0.601904909451263	-0.601904909451263	-0.873050828539273
-0.680224157756868	0.939373888124298	0.939373888124298	2.49082113272108
-0.927278247876906	0.254360978090730	0.254360978090730	1.75241070220080
-0.680224157756868	-0.773157886959687	-0.773157886959687	-1.24225104379650
-0.680224157756868	-0.773157886959687	-0.773157886959687	-1.24225104379650
-0.680224157756868	-0.773157886959687	-0.773157886959687	-1.24225104379650
-0.680224157756868	-0.773157886959687	-0.773157886959687	-1.24225104379650
-0.680224157756868	-0.773157886959687	-0.773157886959687	-1.24225104379650
-0.680224157756868	-0.773157886959687	-0.773157886959687	-1.24225104379650
-0.680224157756868	-0.773157886959687	-0.773157886959687	-1.24225104379650
-0.680224157756868	-0.773157886959687	-0.773157886959687	-1.24225104379650
-0.680224157756868	-0.773157886959687	-0.773157886959687	-1.24225104379650
-0.680224157756868	-0.773157886959687	-0.773157886959687	-1.24225104379650
-0.680224157756868	-0.773157886959687	-0.773157886959687	-1.24225104379650
-0.680224157756868	0.254360978090730	0.254360978090730	1.13707034343487
-0.680224157756868	-0.773157886959687	-0.773157886959687	-1.24225104379650
-0.680224157756868	-0.259397954434544	-0.259397954434544	-0.0115722262657476
0.184465157663269	0.0831082005822789	0.0831082005822789	-0.257708469772177
0.431519247783308	-0.430650931942969	-0.430650931942969	-0.832027804621350
-0.309643022576809	-0.0881449769261196	-0.0881449769261196	0.0294504976520004
-0.0625891324568430	0.596867933107448	0.596867933107448	0.808883152089738
0.184465157663269	-0.601904909451263	-0.601904909451263	-0.955095876374535
-0.309643022576809	0.939373888124298	0.939373888124298	2.24468098921238
-0.186115977516790	0.596867933107448	0.596867933107448	1.21911039126722
-0.927278247876906	-0.601904909451263	-0.601904909451263	-0.503845613279132
-0.433170067636828	-0.430650931942969	-0.430650931942969	-0.339754517608023
0.307992202723288	1.62438979815747	1.62438979815747	1.50627055869210
0.431519247783308	-0.430650931942969	-0.430650931942969	-0.749982756786087
-0.680224157756868	-0.0881449769261196	-0.0881449769261196	0.972974247760846
0.555046292843327	0.254360978090730	0.254360978090730	0.0294504976520004
0.184465157663269	-0.259397954434544	-0.259397954434544	-0.298731493690100
-0.309643022576809	0.596867933107448	0.596867933107448	2.24468098921238
0.184465157663269	0.425614955599023	0.425614955599023	0.726838104254475
-0.309643022576809	-0.0881449769261196	-0.0881449769261196	0.726838104254475
0.184465157663269	0.0831082005822789	0.0831082005822789	0.275586841158489
0.0609379126031765	-0.0881449769261196	-0.0881449769261196	0.152518769405303
0.555046292843327	-0.601904909451263	-0.601904909451263	-0.832027804621350
0.555046292843327	-0.601904909451263	-0.601904909451263	-0.832027804621350
0.555046292843327	-0.601904909451263	-0.601904909451263	-0.832027804621350
-0.927278247876906	-0.601904909451263	-0.601904909451263	-0.0525950501835539
0.184465157663269	-0.430650931942969	-0.430650931942969	-0.462822589361209
0.555046292843327	0.425614955599023	0.425614955599023	0.480700960747520
-0.0625891324568430	-0.773157886959687	-0.773157886959687	-1.03714092420980
0.802100382963366	-0.0881449769261196	-0.0881449769261196	-0.298731493690100
0.555046292843327	-0.259397954434544	-0.259397954434544	-0.339754517608023
-0.680224157756868	-0.601904909451263	-0.601904909451263	-0.175663421936915
0.555046292843327	-0.430650931942969	-0.430650931942969	-0.544868637197055
0.802100382963366	1.79563977566629	1.79563977566629	1.75241070220080
-0.680224157756868	-0.601904909451263	-0.601904909451263	-0.134640398018992
0.555046292843327	0.425614955599023	0.425614955599023	0.644792056418629
0.184465157663269	-0.430650931942969	-0.430650931942969	-0.339754517608023
0.555046292843327	0.254360978090730	0.254360978090730	0.439677936829597
0.678573337903347	-0.0881449769261196	-0.0881449769261196	-0.0525950501835539
0.802100382963366	-0.430650931942969	-0.430650931942969	-0.544868637197055
0.184465157663269	0.425614955599023	0.425614955599023	1.54729058260827
0.184465157663269	-0.773157886959687	-0.773157886959687	-0.955095876374535
0.184465157663269	-0.773157886959687	-0.773157886959687	-0.955095876374535
0.184465157663269	-0.773157886959687	-0.773157886959687	-0.955095876374535
0.184465157663269	-0.773157886959687	-0.773157886959687	-0.955095876374535
0.184465157663269	-0.773157886959687	-0.773157886959687	-0.955095876374535
-0.927278247876906	-0.430650931942969	-0.430650931942969	1.67036065436262
-0.927278247876906	-0.430650931942969	-0.430650931942969	1.75241070220080
0.802100382963366	-0.259397954434544	-0.259397954434544	-0.257708469772177
0.802100382963366	1.62438979815747	1.62438979815747	2.16263094137420
0.802100382963366	1.45312982064997	1.45312982064997	1.99854084570367
0.802100382963366	0.768120910615873	0.768120910615873	1.13707034343487
0.802100382963366	-0.430650931942969	-0.430650931942969	-0.462822589361209
0.555046292843327	-0.430650931942969	-0.430650931942969	-0.339754517608023
1.66679069838387	2.30939970819143	2.30939970819143	1.13707034343487
0.184465157663269	0.254360978090730	0.254360978090730	1.67036065436262
0.555046292843327	-0.430650931942969	-0.430650931942969	-0.257708469772177
1.29621056320417	1.45312982064997	1.45312982064997	1.42422051085392
-0.680224157756868	-0.601904909451263	-0.601904909451263	0.480700960747520
0.184465157663269	-0.601904909451263	-0.601904909451263	-0.380777541525946
0.184465157663269	-0.430650931942969	-0.430650931942969	0.111495745487380
0.802100382963366	-0.259397954434544	-0.259397954434544	-0.0525950501835539
1.41973060826164	0.254360978090730	0.254360978090730	0.152518769405303
0.431519247783308	0.254360978090730	0.254360978090730	1.71138067827879
0.802100382963366	0.0831082005822789	0.0831082005822789	0.644792056418629
0.555046292843327	-0.430650931942969	-0.430650931942969	-0.0525950501835539
0.555046292843327	-0.773157886959687	-0.773157886959687	-0.832027804621350
0.555046292843327	-0.773157886959687	-0.773157886959687	-0.832027804621350
0.555046292843327	-0.773157886959687	-0.773157886959687	-0.832027804621350
0.555046292843327	-0.773157886959687	-0.773157886959687	-0.832027804621350
0.555046292843327	-0.773157886959687	-0.773157886959687	-0.832027804621350
0.555046292843327	-0.773157886959687	-0.773157886959687	-0.832027804621350
0.925627428023386	0.254360978090730	0.254360978090730	0.972974247760846
0.555046292843327	-0.430650931942969	-0.430650931942969	0.0294504976520004
0.555046292843327	-0.430650931942969	-0.430650931942969	0.0294504976520004
0.802100382963366	0.254360978090730	0.254360978090730	1.21911039126722
1.41973060826164	-0.601904909451263	-0.601904909451263	-0.544868637197055
0.802100382963366	-0.430650931942969	-0.430650931942969	0.0294504976520004
0.802100382963366	-0.773157886959687	-0.773157886959687	-0.749982756786087
0.802100382963366	-0.773157886959687	-0.773157886959687	-0.749982756786087
0.802100382963366	-0.773157886959687	-0.773157886959687	-0.749982756786087
0.802100382963366	-0.773157886959687	-0.773157886959687	-0.749982756786087
0.555046292843327	-0.601904909451263	-0.601904909451263	-0.216686445854838
0.184465157663269	-0.259397954434544	-0.259397954434544	1.62934063044645
0.184465157663269	-0.601904909451263	-0.601904909451263	0.152518769405303
1.41973060826164	0.0831082005822789	0.0831082005822789	0.562747008583366
1.66679069838387	-0.601904909451263	-0.601904909451263	-0.462822589361209
1.66679069838387	0.0831082005822789	0.0831082005822789	0.439677936829597
0.802100382963366	0.0831082005822789	0.0831082005822789	1.91650079787132
0.802100382963366	-0.259397954434544	-0.259397954434544	0.972974247760846
0.802100382963366	-0.0881449769261196	-0.0881449769261196	1.50627055869210
1.41973060826164	-0.601904909451263	-0.601904909451263	-0.339754517608023
1.41973060826164	-0.430650931942969	-0.430650931942969	0.0294504976520004
1.41973060826164	-0.430650931942969	-0.430650931942969	0.0294504976520004
1.66679069838387	0.425614955599023	0.425614955599023	1.42422051085392
1.41973060826164	-0.430650931942969	-0.430650931942969	0.152518769405303
1.66679069838387	-0.430650931942969	-0.430650931942969	0.0294504976520004
1.41973060826164	-0.430650931942969	-0.430650931942969	0.234564817241149
1.66679069838387	-0.601904909451263	-0.601904909451263	-0.257708469772177
1.41973060826164	-0.773157886959687	-0.773157886959687	-0.544868637197055
1.41973060826164	-0.773157886959687	-0.773157886959687	-0.544868637197055
1.41973060826164	-0.773157886959687	-0.773157886959687	-0.544868637197055
1.41973060826164	-0.773157886959687	-0.773157886959687	-0.544868637197055
1.66679069838387	-0.430650931942969	-0.430650931942969	0.193541793323226
0.555046292843327	-0.430650931942969	-0.430650931942969	1.83445075003315
1.66679069838387	-0.773157886959687	-0.773157886959687	-0.462822589361209
1.66679069838387	-0.773157886959687	-0.773157886959687	-0.462822589361209
1.66679069838387	-0.773157886959687	-0.773157886959687	-0.462822589361209
1.66679069838387	-0.773157886959687	-0.773157886959687	-0.462822589361209
1.66679069838387	-0.773157886959687	-0.773157886959687	-0.462822589361209
1.66679069838387	-0.773157886959687	-0.773157886959687	-0.462822589361209
1.66679069838387	-0.259397954434544	-0.259397954434544	0.726838104254475
1.66679069838387	-0.773157886959687	-0.773157886959687	-0.462822589361209
1.66679069838387	0.254360978090730	0.254360978090730	2.20366096529620
0.802100382963366	-0.430650931942969	-0.430650931942969	2.12161091745802
1.66679069838387	-0.601904909451263	-0.601904909451263	0.152518769405303
1.41973060826164	-0.601904909451263	-0.601904909451263	0.726838104254475
1.66679069838387	-0.430650931942969	-0.430650931942969	1.13707034343487
3.64322141934345	-0.773157886959687	-0.773157886959687	0.193541793323226
7.71961290632373	-0.773157886959687	-0.773157886959687	1.54729058260827
-1.05081029293875	1.11062986563233	1.11062986563233	0.0294504976520004
-0.927278247876906	0.0831082005822789	0.0831082005822789	-0.791004780703427
-0.680224157756868	0.768120910615873	0.768120910615873	-0.257708469772177
-0.927278247876906	-0.601904909451263	-0.601904909451263	-1.32430109163468
-0.927278247876906	0.0831082005822789	0.0831082005822789	-0.503845613279132
-0.927278247876906	1.11062986563233	1.11062986563233	0.726838104254475
-0.927278247876906	-0.601904909451263	-0.601904909451263	-1.24225104379650
-0.927278247876906	-0.601904909451263	-0.601904909451263	-1.24225104379650
-0.927278247876906	0.0831082005822789	0.0831082005822789	-0.257708469772177
-0.680224157756868	-0.601904909451263	-0.601904909451263	-1.24225104379650
-0.927278247876906	1.11062986563233	1.11062986563233	1.95752082178750
-0.927278247876906	-0.259397954434544	-0.259397954434544	-0.339754517608023
-0.927278247876906	-0.0881449769261196	-0.0881449769261196	-0.0115722262657476
-0.927278247876906	-0.601904909451263	-0.601904909451263	-0.955095876374535
-0.927278247876906	-0.773157886959687	-0.773157886959687	-1.32430109163468
-0.680224157756868	-0.0881449769261196	-0.0881449769261196	-0.0525950501835539
-0.927278247876906	-0.0881449769261196	-0.0881449769261196	0.521723984665443
-0.433170067636828	-0.601904909451263	-0.601904909451263	-0.955095876374535
-0.927278247876906	0.254360978090730	0.254360978090730	1.71138067827879
-0.680224157756868	-0.773157886959687	-0.773157886959687	-1.24225104379650
-0.680224157756868	-0.601904909451263	-0.601904909451263	-0.832027804621350
-0.186115977516790	0.596867933107448	0.596867933107448	0.972974247760846
0.184465157663269	0.425614955599023	0.425614955599023	0.480700960747520
0.184465157663269	0.425614955599023	0.425614955599023	0.562747008583366
0.555046292843327	-0.0881449769261196	-0.0881449769261196	-0.257708469772177
-0.680224157756868	-0.601904909451263	-0.601904909451263	-0.216686445854838
0.184465157663269	-0.601904909451263	-0.601904909451263	-0.708959732868164
-0.0625891324568430	-0.430650931942969	-0.430650931942969	-0.0115722262657476
0.555046292843327	-0.430650931942969	-0.430650931942969	-0.339754517608023
-0.0625891324568430	-0.601904909451263	-0.601904909451263	-0.339754517608023
-0.680224157756868	-0.430650931942969	-0.430650931942969	1.50627055869210
0.184465157663269	-0.259397954434544	-0.259397954434544	0.972974247760846
0.802100382963366	0.768120910615873	0.768120910615873	2.24468098921238
0.555046292843327	-0.259397954434544	-0.259397954434544	0.931951223842923
1.66679069838387	-0.601904909451263	-0.601904909451263	-0.462822589361209
1.66679069838387	0.425614955599023	0.425614955599023	1.21911039126722
1.41973060826164	-0.773157886959687	-0.773157886959687	-0.544868637197055
1.41973060826164	-0.773157886959687	-0.773157886959687	-0.544868637197055
1.41973060826164	-0.773157886959687	-0.773157886959687	-0.544868637197055
1.41973060826164	-0.259397954434544	-0.259397954434544	0.726838104254475
1.66679069838387	-0.430650931942969	-0.430650931942969	0.275586841158489
2.03737083356356	-0.0881449769261196	-0.0881449769261196	0.603769032500706
1.41973060826164	-0.430650931942969	-0.430650931942969	1.21911039126722
-0.433170067636828	2.82315964071658	2.82315964071658	-0.257708469772177
-0.927278247876906	6.59072914590140	6.59072914590140	2.61388120446960
-0.927278247876906	6.07696921337625	6.07696921337625	2.61388120446960
-0.927278247876906	0.939373888124298	0.939373888124298	-0.462822589361209
-0.680224157756868	-0.259397954434544	-0.259397954434544	-1.24225104379650
-0.927278247876906	0.939373888124298	0.939373888124298	-0.339754517608023
-0.927278247876906	0.939373888124298	0.939373888124298	-0.257708469772177
-0.680224157756868	1.79563977566629	1.79563977566629	0.152518769405303
-0.927278247876906	0.939373888124298	0.939373888124298	0.275586841158489
-0.680224157756868	0.596867933107448	0.596867933107448	-0.257708469772177
-0.927278247876906	-0.259397954434544	-0.259397954434544	-0.955095876374535
-0.927278247876906	0.0831082005822789	0.0831082005822789	-0.339754517608023
-0.680224157756868	-0.259397954434544	-0.259397954434544	-0.749982756786087
-0.803751202816887	0.425614955599023	0.425614955599023	0.644792056418629
-0.680224157756868	0.939373888124298	0.939373888124298	1.21911039126722
-0.309643022576809	0.768120910615873	0.768120910615873	0.521723984665443
-0.680224157756868	0.0831082005822789	0.0831082005822789	0.0294504976520004
-0.927278247876906	0.0831082005822789	0.0831082005822789	0.521723984665443
-0.680224157756868	0.0831082005822789	0.0831082005822789	0.152518769405303
-0.0625891324568430	0.596867933107448	0.596867933107448	0.152518769405303
-0.927278247876906	-0.773157886959687	-0.773157886959687	-1.32430109163468
-0.927278247876906	0.254360978090730	0.254360978090730	1.75241070220080
-0.680224157756868	-0.773157886959687	-0.773157886959687	-1.24225104379650
-0.927278247876906	-0.0881449769261196	-0.0881449769261196	1.17809036735104
0.184465157663269	1.79563977566629	1.79563977566629	2.24468098921238
0.802100382963366	-0.601904909451263	-0.601904909451263	-0.749982756786087
0.802100382963366	-0.773157886959687	-0.773157886959687	-0.749982756786087
0.555046292843327	-0.601904909451263	-0.601904909451263	0.0294504976520004
1.91384078850245	0.0831082005822789	0.0831082005822789	0.644792056418629
1.41973060826164	-0.601904909451263	-0.601904909451263	-0.0525950501835539
1.66679069838387	-0.773157886959687	-0.773157886959687	-0.462822589361209